850 1048
143 411
98 659
56 722
705 545
160 500
208 201
388 18
750 187
610 715
149 803
553 81
555 686
630 65
82 186
39 471
472 660
809 327
112 229
513 531
603 309
761 598
322 222
467 139
254 572
558 410
805 282
477 45
524 491
403 87
626 21
52 420
796 590
753 719
302 843
293 263
651 293
843 796
835 222
560 188
765 327
750 431
106 225
266 730
526 803
591 334
472 629
118 673
122 377
821 57
666 243
819 517
835 470
621 622
669 809
534 762
396 652
776 477
470 456
80 32
260 277
454 826
712 370
63 156
634 824
288 79
142 467
518 412
837 571
285 341
744 532
177 739
438 776
274 809
296 188
657 506
28 154
152 715
21 167
600 660
280 349
436 483
756 579
622 350
83 839
503 797
498 573
632 653
133 828
224 52
570 665
217 362
224 534
38 619
581 849
71 38
322 202
737 435
729 769
274 562
556 599
643 341
511 320
283 221
94 539
719 380
680 803
640 616
79 728
687 610
103 449
529 746
689 555
248 485
422 547
373 137
831 822
670 618
643 627
110 181
32 414
2 494
225 446
179 558
702 717
553 487
266 607
611 481
445 155
193 377
192 462
446 329
608 845
314 252
155 819
747 503
533 741
689 140
837 827
334 767
86 737
99 836
14 329
669 637
653 140
666 70
225 48
56 60
524 635
731 109
612 695
450 566
57 513
43 562
694 497
453 99
107 330
457 96
544 346
299 365
330 325
486 318
607 300
306 656
222 820
479 791
498 585
532 328
304 357
442 199
177 528
205 321
830 218
510 815
5 741
313 13
29 126
254 546
695 98
263 798
702 351
263 127
35 43
464 520
361 441
589 203
635 764
294 353
641 639
604 793
572 17
700 222
160 116
693 34
270 728
814 294
17 378
304 560
281 334
131 7
379 469
314 716
659 848
628 122
50 729
535 319
746 465
655 128
649 156
88 746
506 424
387 118
48 704
396 785
612 770
255 350
672 509
728 714
331 134
216 372
203 656
274 320
662 505
359 629
60 209
266 81
160 470
550 828
37 268
648 533
542 842
335 614
339 44
587 536
315 639
220 648
270 552
507 566
352 417
472 224
401 137
759 675
196 370
500 151
204 772
358 533
311 809
195 436
537 141
43 180
493 300
489 357
428 823
392 720
747 706
542 827
164 170
520 269
544 351
354 690
213 417
454 33
696 588
831 400
310 720
236 467
338 218
480 17
576 747
135 837
152 303
167 657
418 143
163 4
146 52
803 677
440 52
253 566
120 690
56 167
722 98
507 152
525 10
224 243
663 637
410 131
31 817
639 184
558 154
179 291
139 558
590 98
195 347
654 630
504 341
82 430
286 765
303 194
108 57
682 89
82 743
257 808
136 61
344 311
466 703
326 76
432 380
372 110
840 623
674 698
528 593
440 94
87 112
720 607
484 627
377 772
64 333
626 260
353 424
782 794
439 498
62 677
493 339
452 85
88 630
431 197
80 658
369 452
177 719
755 616
568 382
471 765
547 780
705 407
227 288
334 498
3 180
832 50
634 775
685 455
358 333
538 746
478 371
214 95
723 843
789 696
405 719
79 642
452 168
718 503
592 349
739 30
523 658
786 839
301 743
241 345
718 169
465 691
202 188
515 207
34 317
54 631
551 783
413 360
417 314
184 748
807 24
10 761
109 372
150 211
152 193
128 848
444 801
202 577
527 425
582 635
470 801
105 697
295 623
502 435
252 561
200 98
431 153
627 368
756 95
513 462
533 446
728 835
122 824
670 343
557 575
717 697
413 93
490 447
115 735
345 766
422 586
464 413
733 267
344 35
685 839
89 180
799 838
277 689
769 576
77 795
252 729
623 15
380 805
546 336
109 492
323 17
35 611
539 312
569 312
197 647
506 433
623 398
801 779
354 716
79 342
539 555
64 565
183 639
140 486
263 5
419 444
841 625
129 490
738 430
237 362
499 811
358 110
97 226
425 429
545 152
120 829
657 9
597 1
269 175
820 638
603 358
102 692
372 263
67 265
504 179
89 252
6 269
61 73
466 104
557 756
521 787
256 503
446 762
674 112
176 233
369 317
840 64
621 76
737 785
712 273
253 206
198 301
837 187
570 813
575 353
345 10
766 588
560 165
131 86
585 335
354 200
625 379
607 16
55 375
88 804
297 592
123 260
598 317
217 552
384 669
198 814
19 584
68 7
197 106
65 620
648 289
616 288
152 218
434 570
620 165
213 521
495 338
596 520
23 624
493 415
537 374
601 161
738 305
751 183
610 551
478 748
707 332
355 246
195 45
781 771
646 799
142 225
510 662
740 236
502 295
303 451
526 771
287 611
392 667
458 803
720 402
305 516
474 690
530 55
543 518
543 304
232 631
764 220
77 474
727 574
627 453
106 568
56 312
728 642
482 89
815 435
592 761
753 390
340 136
141 525
810 607
491 679
3 204
244 355
584 202
124 200
208 726
830 848
437 784
574 829
296 721
526 564
49 400
352 776
683 659
848 774
334 714
265 782
282 145
446 110
498 795
756 383
670 712
787 699
16 153
781 28
246 581
49 513
272 505
55 589
440 756
460 148
763 344
453 2
308 159
88 60
822 752
756 541
480 304
343 146
266 122
136 710
685 63
154 460
614 467
217 413
506 833
280 32
556 589
138 548
583 743
771 841
77 498
474 644
3 602
762 514
324 353
795 355
268 424
191 188
809 109
56 723
13 482
780 346
241 231
84 611
658 433
180 288
375 276
91 135
90 43
326 781
546 559
738 195
685 388
138 291
151 167
244 379
847 44
583 533
309 314
410 417
310 598
254 483
692 587
751 205
84 233
492 162
339 512
17 653
844 823
308 388
86 287
549 40
453 197
186 70
610 745
489 303
264 790
496 611
752 509
823 439
328 95
371 601
47 712
21 200
497 58
24 800
787 619
347 310
467 277
154 792
734 129
581 95
180 448
378 833
841 431
596 801
324 526
341 286
76 530
286 287
388 312
667 386
616 500
584 197
696 491
184 825
286 289
11 593
148 569
528 138
766 629
125 414
645 12
297 207
660 609
616 423
358 30
346 131
727 380
385 295
749 659
491 333
105 556
113 591
787 50
658 750
844 299
403 317
104 168
789 669
693 756
263 402
185 663
338 604
199 682
670 755
843 559
803 629
641 702
375 423
200 676
107 743
717 652
254 154
707 726
116 810
318 323
299 357
247 686
743 567
755 472
797 76
44 804
655 456
532 435
813 41
545 382
42 397
567 306
293 292
160 672
178 332
310 45
713 687
286 771
309 321
640 243
148 532
806 425
437 766
721 565
187 714
295 165
447 503
79 14
604 730
234 384
279 301
222 25
98 753
135 483
85 150
361 629
678 161
526 94
813 229
167 215
319 364
691 377
160 325
301 189
752 86
722 126
23 347
159 385
163 36
5 373
509 49
534 703
426 238
207 426
515 649
268 494
70 71
827 689
655 688
675 46
125 381
726 840
628 812
780 225
93 595
132 296
572 349
676 33
216 42
744 556
69 146
460 262
564 299
73 87
662 668
404 6
266 250
110 137
297 307
323 539
785 837
404 108
831 391
746 497
98 40
726 785
629 660
288 359
373 233
229 846
637 743
153 334
698 465
289 798
791 690
609 162
607 491
598 234
287 327
492 494
62 387
318 264
357 733
17 2
345 827
847 666
451 582
791 353
53 172
769 747
31 256
525 309
602 498
105 698
325 649
569 304
292 764
102 46
484 211
256 724
445 766
411 300
648 554
572 345
111 459
796 175
547 745
61 89
413 740
201 394
631 318
490 182
122 289
365 566
27 166
386 362
591 445
31 148
292 660
201 185
76 456
231 404
465 370
356 649
690 786
451 578
143 257
711 31
170 353
747 719
176 397
430 748
742 613
725 340
763 665
132 787
99 832
842 67
521 777
316 534
8 479
680 564
378 127
734 131
371 761
583 374
333 692
15 336
48 550
271 662
734 387
79 160
99 330
167 295
107 541
372 189
229 276
141 423
391 587
51 193
647 424
309 275
268 181
824 147
346 238
802 51
315 686
808 404
613 19
721 725
694 20
28 116
681 386
768 649
446 233
510 781
743 276
202 357
53 485
533 120
850 313
136 366
657 714
39 315
645 390
161 411
133 306
442 318
125 482
152 706
105 100
382 275
481 480
405 451
717 341
679 809
563 604
739 803
782 645
813 547
387 608
114 677
301 707
193 462
173 604
123 771
590 603
17 341
301 732
145 355
269 157
133 128
21 654
319 81
587 25
45 714
469 274
574 812
178 493
548 708
27 730
61 145
347 783
364 743
456 384
542 427
567 244
332 676
1 9
655 612
797 281
437 606
97 116
138 482
221 326
12 66
677 746
433 455
402 559
467 519
62 354
472 175
391 279
52 828
100 473
532 518
471 518
342 394
401 25
696 254
59 30
586 368
622 530
272 445
71 839
156 776
178 208
267 730
655 77
257 372
385 201
376 769
144 270
706 453
568 275
201 620
674 250
391 399
119 700
784 318
302 825
760 196
26 351
500 266
538 590
841 135
302 591
674 561
210 841
355 253
47 612
288 606
181 428
181 722
675 472
409 375
849 498
812 335
250 761
588 58
500 392
590 231
340 254
291 254
102 782
460 509
714 350
560 693
100 216
436 293
161 438
679 758
390 794
553 249
452 843
567 409
176 523
835 633
525 120
431 771
313 504
231 557
234 339
319 655
846 840
752 59
495 392
773 411
757 774
516 319
211 475
101 802
250 692
531 542
